Vesp. vs, 1352 pag. 44
>> 1431 )) 39 , 48

))
))
))
))
))
Pae.
))
))
))
))
))
))
))
))
“ ))
))
))
))
))
))
))
))
))
>>
))
>>
))
))
))
))
))
))
))
))
))
“ ))
>>
>>
))
))
))
))

, ))

))
))
))
))
))
))

)) 1440 ))
)) 1456 >›
)) 1457 ))
)) 1528 ))
)) 14 ))
)) 21 ))
)) 24 ))
)) 26 ))
)) 32 ’ ))
)) 43 ))
)) ⁴ 68 »
)) 70 ))
)) 83 ))
)) 136 ))
)) 137 ))
)) 143 ))
)) 286 ))
)) 305 ))
)) 321 ))
)) 351 ))
)) 371 ))
)) 378 ))
)) 437 ))
)) 441 ))
)) 448 ))
)) 450 ))
)) 521 ))
)) 627 ))
)) 639 ))
)) 641 ))
)) 643 ))
)) 646 ))
)) 658 ))
)> 848 ))
>> 859 ))
>) 907 ))
)) 916 ))
)) 931 ))
)) 939 ))

)) 957 seq
» 1028 pag

)) 1033 ))
)) 1072 )>

)) 1086 seqq
)) 1140 pag

»⁴ 1166 ))

)) 1200 )) 25,68,71,79

”)) 1223 ))

71
75

50

47

75

74

41

75

40

74

88
24, 80
91

71
82
22

75 .
35

83

71

72

74
39, 48
39

39

39

74

80
77, 91
75

75
77, 85
74

74

44
74, 88
56

53

91

92333 14

’74
39

44
70

ᾖξας. 7;’ 74

104

Pac. vs, 1237 pag. 35

)) )) 1359 )) 56
L} 33 2ηὲ 33 33’ ⁸3

)) )) 42 )) 84

)) )) 97 )) 14

)) )) 107 » 68

)) )) 109 )) 68

)) )) 110 )) 76

» » 111 » 67

)) )) 113 )) 56,85, 90

)) )) 115 )) 88 , 94

)) )) 119 )) 41

9 )) 123 )) 64

)) )) 129 )) 74

)) )) 130 )) 88

>> )) 132 )) 65

)) w) 140 )) 40 ‚ 58

)) )) 141 )) 75

)) )) 146 )) 76 , 83

)) )) 178 )) 46 , 48

)) )) 191 )) 83

)) )) 252 )> 83

>) )) 259 )) 74

)) )) 301 )) 19 , 74

)) )) 307 )) 74 , 89 ’

)) >) 312 )) 79

)) >) 351 )) 74

)) )) 361 )) 85

)) )) 399 )) 89

)) )) 412 )) 60

)) )) 437 )) 61

)) >> 510 >) 26 , 83

)) )) 512 )) 77

)) )) 514 )) 24

)) )) 515 )) 27 , 74

)) )) 517 )) 24

)) )) 518 )) 24

)) )) 519 )) 76

>> )) 541 )) 31

)) )) 572 >> 19 ‚ 72, 83
¹ )) )) 671 )) 66

)) )) 678 )) 74

)) )) 696 )) 80

)) )) 768 )) 60

)) )) 770 )) 44

)) )) 822 )) 61

)) )) 825 >3 75

)) )) 902 )) 41

)) >) 910 )) 74 , 78

 

