101

Nub. vs· 227 pag. 74, 75 Nub. vs, 824 pag. 46 ‚ 47
)) » 231 ιο 74 )) )) 840 )) 83
)) )) 232 1· 74 )) )) 845 ι) 6
ι) )) 244 )) 54 )) )) 854 )) 40
)) )) 245 )) 45 )) )) 870 )) 40 , 59
)) )) 256 )) 72 )) )) 874 )) 12 , 73
)) )) 257 n 46 ‚ 47 )) )) 885 )) 41
)) )) 267 ι) 44 , 58 )) )) 933 ι) 41 , 72
)) )) 295 )) 51 )) )) 938 )) 47
v» » 327 )) 51 )) )) 942 » 45 , 57
>J )) 344 )) 45 )) )) 945 )) 57
)) )) 345 ι) 58 )) )) 977 )) 75 , 84 , 91
ι) )) 348 )) 56 )) - n 978 )) 68
)) )) 351 )) 56 » >2 979 )) 25
)) )) 360 )) 74 )) )) 980 )) 68
)) )) 371 )) 21 )) )) 981 )) 25
)) )) 376 )) 56 )) )) 992 )) 45 , 63
» › 391 )) 54 )) )) 1000 )) 51
)) ι) 395 ι) 28 )) )) 1008 )) 54
)) ιο 399 )) 74 )) )) 1056 1) 74, 83 , 85
)) )) 404 )) 56 )) u 1079 )) 57 , 62
)) )) 414 seqq. pag. 51 )) )) 1083 )) 57
)) )) 422 pag. 12 )) )) 1086 )) 12 , 74
v) )) 425 ›x 69 , 88 , 93 )) )) 1107 ))’ 47
)) ι) 426 ι) 69 )) )) 1 1 15 )) 52
D ) 465 )) 32 , 33 )) » 1 11 6 )) 53
)) )) 489 )) 58 )) » 1121 )) 57
)) )) 535 s> 42 , 60 · )) )) 1124 )) 44 , 54
)) )) 536 )) 57 )) )) 1126 )) 60 , 63
)) » 589 1» 45 )) )) 1128 ι) 41 , 54 , 63
)) )) 598 )) 51 )) )) 11 29 )) 65
υ ι) 618 )) 44 , 91 )) » 1130 )) 33 , 63, 76, 83
ι) )) 622 )) 44 )) )) 1151 )) 3 , 45, 58
)) )) 638 )) 6 )) )) 1152 )) 40, 55
)) )) 647 )) 13 )) )) 1153 )) 41 , 64
1) )) 680 )) 17 J) 5) ’1157 )) 75
)) )) 689 )) 73 , 88 )) )) 1181 )) 8
)) )) 702 )) 58 )) )) 1182 )) 3
)) )) 729 1> 12 ’ )) )) 1 183 )) 12 , 74
)) )) 739 )) 46 )) )) 1 194 )) 11
ν) )) 743 )) 41 )) )) 121 1 )) 44
)) )) 746 )) 61 )) )) 1231 )) 12 , 80
)) )) 749 )) 72 )) )) 1233 )) 46
7) )) 753 )) 12 )) )) 1235 )) 64
1> )) 760 )) 37 )) )) 1250 )) 70 , 83 , 85
n )) 776 )) 37 , 79 )) )) 1315 )) 64
)) )) 783 » 10 )) )) 1316 )) 45
)) )) 785 )) 45 )) )) 1317 )) 41
)) )) 798 )) 6 )) )) 1333 )) 12 , 79
)) )) 808 )) 45 )) )) 1 338 )) 23 , 85

